項次,出入口名稱,出入口編號,經度,緯度
1,頂埔站出口1,1,121.418218,24.959306
2,頂埔站出口2,2,121.419,24.95931
3,頂埔站出口3,3,121.4196,24.95962
4,頂埔站出口4,4,121.4201,24.96039
5,松山機場站出口1,1,121.552335,25.063717
6,松山機場站出口2,2,121.551294,25.063673
7,松山機場站出口3,3,121.552241,25.062923
8,中山國中站出口,0,121.544031,25.060889
9,忠孝復興站出口1,1,121.543143,25.041797
10,忠孝復興站出口2,2,121.543422,25.041355
11,忠孝復興站出口3,3,121.544806,25.041467
12,忠孝復興站出口4,4,121.54506,25.041772
13,忠孝復興站出口5,5,121.543985,25.04202
14,大安站出口1,1,121.541949,25.033508
15,大安站出口2,2,121.541826,25.033515
16,大安站出口3,3,121.54233,25.033241
17,大安站出口4,4,121.544057,25.033066
18,大安站出口5,5,121.543719,25.032862
19,大安站出口6,6,121.543749,25.034006
20,科技大樓站出口,0,121.543636,25.026154
21,六張犁站出口,0,121.552737,25.023852
22,麟光站出口,0,121.558606,25.018554
23,辛亥站出口,0,121.557021,25.005119
24,萬芳醫院站出口,0,121.557737,24.999383
25,萬芳社區站出口,0,121.568409,24.99858
26,木柵站出口,0,121.573417,24.998174
27,動物園站出口1,1,121.579916,24.99825
28,動物園站出口2,2,121.579417,24.997948
29,大直站出口1,1,121.547104,25.080118
30,大直站出口2,2,121.546823,25.079584
31,大直站出口3,3,121.546901,25.07931
32,劍南路站出口1,1,121.555226,25.085174
33,劍南路站出口2,2,121.555097,25.084754
34,劍南路站出口3,3,121.556098,25.084484
35,西湖站出口1,1,121.566647,25.082339
36,西湖站出口2,2,121.567141,25.082023
37,港墘站出口1,1,121.57556,25.080152
38,港墘站出口2,2,121.574704,25.080065
39,文德站出口1,1,121.58564,25.078671
40,文德站出口2,2,121.58447,25.078408
41,內湖站出口1,1,121.594266,25.083745
42,內湖站出口2,2,121.594612,25.083636
43,大湖公園站出口1,1,121.602377,25.083894
44,大湖公園站出口2,2,121.60221,25.083675
45,葫洲站出口1,1,121.608047,25.072638
46,葫洲站出口2,2,121.607197,25.072534
47,東湖站出口1,1,121.611129,25.067218
48,東湖站出口2,2,121.611239,25.067111
49,東湖站出口3,3,121.611724,25.067053
50,南港軟體園區站出口1,1,121.615817,25.059995
51,南港軟體園區站出口2,2,121.616091,25.059883
52,南港展覽館站出口1,1,121.616936,25.055847
53,南港展覽館站出口2,2,121.616984,25.055308
54,南港展覽館站出口3,3,121.618239,25.055123
55,南港展覽館站出口4,4,121.618266,25.055386
56,南港展覽館站出口2A,2A,121.617043,25.05524
57,南港展覽館站出口5,5,121.616861,25.054917
58,南港展覽館站出口6,6,121.618183,25.054739
59,南港展覽館站出口7,7,121.618148,25.054035
60,小碧潭站出口1,1,121.530311,24.971684
61,小碧潭站出口2,2,121.52995,24.973192
62,新店站出口,0,121.537558,24.957877
63,新店區公所站出口1,1,121.541124,24.967393
64,新店區公所站出口2,2,121.541845,24.967986
65,七張站出口1,1,121.543068,24.975025
66,七張站出口2,2,121.542641,24.97691
67,大坪林站出口1,1,121.540874,24.982754
68,大坪林站出口2,2,121.541619,24.982051
69,大坪林站出口3,3,121.541572,24.982982
70,大坪林站出口4,4,121.541405,24.983539
71,景美站出口1,1,121.540933,24.992296
72,景美站出口2,2,121.541517,24.993069
73,景美站出口3,3,121.540546,24.992744
74,萬隆站出口1,1,121.538896,25.001367
75,萬隆站出口2,2,121.539613,25.00151
76,萬隆站出口3,3,121.539195,25.002215
77,萬隆站出口4,4,121.538572,25.002676
78,公館站出口1,1,121.534377,25.014509
79,公館站出口2,2,121.534721,25.014718
80,公館站出口3,3,121.534055,25.015413
81,公館站出口4,4,121.533623,25.015148
82,台電大樓站出口1,1,121.528577,25.01962
83,台電大樓站出口2,2,121.529093,25.020192
84,台電大樓站出口3,3,121.527849,25.021179
85,台電大樓站出口4,4,121.527297,25.021018
86,台電大樓站出口5,5,121.527739,25.020758
87,古亭站出口1,1,121.522973,25.025976
88,古亭站出口2,2,121.523353,25.025502
89,古亭站出口3,3,121.523353,25.026078
90,古亭站出口4,4,121.523069,25.026424
91,古亭站出口5,5,121.522873,25.027184
92,古亭站出口6,6,121.522297,25.027537
93,古亭站出口7,7,121.521937,25.02742
94,古亭站出口8,8,121.521894,25.027056
95,古亭站出口9,9,121.522404,25.026798
96,中正紀念堂站出口1,1,121.517764,25.033034
97,中正紀念堂站出口2,2,121.518261,25.032406
98,中正紀念堂站出口3,3,121.519,25.032281
99,中正紀念堂站出口4,4,121.51796,25.033525
100,中正紀念堂站出口5,5,121.517109,25.035148
101,中正紀念堂站出口6,6,121.516543,25.03588
102,中正紀念堂站出口7,7,121.515983,25.034565
103,小南門站出口1,1,121.509752,25.036434
104,小南門站出口2,2,121.509865,25.035736
105,小南門站出口3,3,121.510988,25.035309
106,小南門站出口4,4,121.511455,25.035226
107,頂溪站出口1,1,121.515414,25.012895
108,頂溪站出口2,2,121.515446,25.014222
109,永安市場站出口,0,121.510962,25.002375
110,景安站出口,0,121.504632,24.993731
111,南勢角站出口1,1,121.508639,24.990016
112,南勢角站出口2,2,121.508853,24.989919
113,南勢角站出口3,3,121.509395,24.989651
114,南勢角站出口4,4,121.509776,24.989486
115,台大醫院站出口1,1,121.515731,25.040913
116,台大醫院站出口2,2,121.516589,25.041224
117,台大醫院站出口3,3,121.516632,25.042808
118,台大醫院站出口4,4,121.516299,25.042876
119,台北車站M5,M5,121.516246,25.046755
120,台北車站M6,M6,121.516787,25.046234
121,台北車站M7,M7,121.518643,25.046077
122,台北車站M8,M8,121.517479,25.045948
123,台北車站M1,M1,121.518193,25.048232
124,台北車站M2,M2,121.519067,25.048064
125,台北車站M3,M3,121.517882,25.046337
126,台北車站M4,M4,121.517345,25.046485
127,雙連站出口1,1,121.520588,25.057499
128,雙連站出口2,2,121.520615,25.057825
129,民權西路站出口1,1,121.519454,25.062641
130,民權西路站出口4,4,121.519867,25.061936
131,民權西路站出口3,3,121.519786,25.061766
132,民權西路站出口2,2,121.519614,25.061878
133,民權西路站出口5,5,121.518558,25.063122
134,民權西路站出口6,6,121.51853,25.062693
135,民權西路站出口7,7,121.520092,25.06267
136,民權西路站出口8,8,121.520602,25.06266
137,民權西路站出口9,9,121.520744,25.063027
138,民權西路站出口10,10,121.519791,25.063063
139,圓山站出口1,1,121.520033,25.070785
140,圓山站出口2,2,121.520108,25.071776
141,劍潭站出口1,1,121.525175,25.08503
142,劍潭站出口2,2,121.524807,25.083466
143,劍潭站出口3,3,121.52496,25.084284
144,士林站出口1,1,121.525966,25.094106
145,士林站出口2,2,121.526433,25.092901
146,芝山站出口1,1,121.522636,25.102046
147,芝山站出口2,2,121.522356,25.103804
148,明德站出口,0,121.519153,25.109298
149,石牌站出口1,1,121.515171,25.115007
150,石牌站出口2,2,121.516205,25.113602
151,唭哩岸站出口1,1,121.506987,25.120673
152,唭哩岸站出口2,2,121.50589,25.120854
153,奇岩站出口,0,121.50096,25.126169
154,北投站出口,0,121.49824,25.132316
155,新北投站出口,0,121.503524,25.136968
156,復興崗站出口2,2,121.485159,25.137325
157,復興崗站出口1,1,121.485373,25.137665
158,忠義站出口1,1,121.473169,25.131056
159,忠義站出口2,2,121.473657,25.130905
160,關渡站出口1,1,121.467215,25.125431
161,關渡站出口2,2,121.466861,25.12547
162,竹圍站出口1,1,121.459726,25.136971
163,竹圍站出口2,2,121.459383,25.136854
164,紅樹林站出口1,1,121.459039,25.154137
165,紅樹林站出口2,2,121.458583,25.153831
166,淡水站出口1,1,121.445355,25.168084
167,淡水站出口2,2,121.445988,25.167577
168,永寧站出口1,1,121.435254,24.966714
169,永寧站出口2,2,121.43568,24.966102
170,永寧站出口3,3,121.436799,24.966947
171,永寧站出口4,4,121.436412,24.967191
172,土城站出口1,1,121.444173,24.973251
173,土城站出口2,2,121.443671,24.972663
174,土城站出口3,3,121.445266,24.973714
175,海山站出口1,1,121.448615,24.985375
176,海山站出口2,2,121.448956,24.985329
177,海山站出口3,3,121.449127,24.98609
178,亞東醫院站出口1,1,121.452581,24.998933
179,亞東醫院站出口2,2,121.452388,24.998252
180,亞東醫院站出口3,3,121.45287,24.998875
181,府中站出口1,1,121.459077,25.008486
182,府中站出口2,2,121.459501,25.008943
183,府中站出口3,3,121.45897,25.009162
184,板橋站出口1,1,121.461754,25.013416
185,板橋站出口2,2,121.462483,25.013192
186,板橋站出口3,3,121.462589,25.014554
187,新埔站出口1,1,121.467457,25.023063
188,新埔站出口2,2,121.468176,25.0222
189,新埔站出口3,3,121.468574,25.022844
190,新埔站出口4,4,121.468728,25.023638
191,新埔站出口5,5,121.468138,25.024163
192,江子翠站出口1,1,121.471914,25.030298
193,江子翠站出口2,2,121.471903,25.029782
194,江子翠站出口3,3,121.472156,25.029459
195,江子翠站出口4,4,121.472719,25.029763
196,江子翠站出口5,5,121.473609,25.031027
197,江子翠站出口6,6,121.473126,25.031095
198,龍山寺站出口1,1,121.49953,25.035484
199,龍山寺站出口2,2,121.499798,25.035109
200,龍山寺站出口3,3,121.501622,25.035421
201,善導寺站出口1,1,121.523009,25.045097
202,善導寺站出口2,2,121.523053,25.044796
203,善導寺站出口3,3,121.523734,25.044568
204,善導寺站出口4,4,121.524217,25.044111
205,善導寺站出口5,5,121.52482,25.044256
206,善導寺站出口6,6,121.524898,25.044632
207,忠孝新生站出口2,2,121.532065,25.042103
208,忠孝新生站出口3,3,121.53368,25.041783
209,忠孝新生站出口4,4,121.533213,25.042458
210,忠孝新生站出口1,1,121.531829,25.042784
211,忠孝新生站出口5,5,121.532232,25.041214
212,忠孝新生站出口6,6,121.533068,25.040791
213,忠孝新生站出口7,7,121.533068,25.041729
214,忠孝敦化站出口1,1,121.550578,25.041642
215,忠孝敦化站出口2,2,121.551694,25.041632
216,忠孝敦化站出口3,3,121.551586,25.04134
217,忠孝敦化站出口4,4,121.550567,25.04135
218,忠孝敦化站出口5,5,121.549824,25.041238
219,忠孝敦化站出口6,6,121.549174,25.041029
220,忠孝敦化站出口7,7,121.549913,25.041661
221,忠孝敦化站出口8,8,121.549194,25.041928
222,國父紀念館站出口1,1,121.556663,25.041838
223,國父紀念館站出口2,2,121.556704,25.041029
224,國父紀念館站出口3,3,121.557981,25.041195
225,國父紀念館站出口4,4,121.558539,25.04117
226,國父紀念館站出口5,5,121.558002,25.041501
227,市政府站出口1,1,121.565459,25.041408
228,市政府站出口2,2,121.565062,25.040971
229,市政府站出口3,3,121.567149,25.040903
230,市政府站出口4,4,121.567181,25.041263
231,永春站出口1,1,121.57512,25.040995
232,永春站出口2,2,121.575383,25.040704
233,永春站出口3,3,121.576155,25.040704
234,永春站出口4,4,121.576574,25.040699
235,永春站出口5,5,121.576622,25.040961
236,後山埤站出口1,1,121.58141,25.044422
237,後山埤站出口2,2,121.581854,25.043703
238,後山埤站出口3,3,121.583277,25.045232
239,後山埤站出口4,4,121.582441,25.045653
240,昆陽站出口1,1,121.592726,25.050319
241,昆陽站出口2,2,121.592825,25.050402
242,昆陽站出口3,3,121.59363,25.050599
243,昆陽站出口4,4,121.593799,25.050572
244,南港站出口1,1,121.606357,25.051911
245,南港站出口2,2,121.60743,25.052025
246,象山站出口1,1,121.569394,25.033025
247,象山站出口2,2,121.569809,25.032366
248,象山站出口3,3,121.570408,25.03302
249,台北101/世貿站出口1,1,121.561671,25.033107
250,台北101/世貿站出口2,2,121.561564,25.032733
251,台北101/世貿站出口3,3,121.563646,25.032742
252,台北101/世貿站出口4,4,121.564112,25.033034
253,台北101/世貿站出口5,5,121.563292,25.033102
254,信義安和站出口1,1,121.552602,25.033377
255,信義安和站出口2,2,121.552332,25.033032
256,信義安和站出口3,3,121.553282,25.033022
257,信義安和站出口4,4,121.5534,25.033022
258,信義安和站出口5,5,121.553526,25.033326
259,大安森林公園站出口1,1,121.534442,25.033693
260,大安森林公園站出口2,2,121.534487,25.033391
261,大安森林公園站出口3,3,121.534882,25.033396
262,大安森林公園站出口4,4,121.535292,25.033391
263,大安森林公園站出口5,5,121.535989,25.033369
264,大安森林公園站出口6,6,121.535952,25.033654
265,輔大站出口1,1,121.435264,25.032932
266,輔大站出口2,2,121.435277,25.032315
267,輔大站出口3,3,121.436541,25.032776
268,輔大站出口4,4,121.43652,25.033175
269,新莊站出口1,1,121.452168,25.03615
270,新莊站出口2,2,121.4525,25.036014
271,頭前庄站出口1,1,121.460783,25.03963
272,頭前庄站出口2,2,121.460931,25.039068
273,頭前庄站出口3,3,121.462247,25.039853
274,頭前庄站出口4,4,121.462242,25.040485
275,先嗇宮站出口1,1,121.471319,25.046497
276,先嗇宮站出口2,2,121.471372,25.046094
277,先嗇宮站出口3,3,121.471801,25.046239
278,三重站出口1,1,121.483748,25.055303
279,三重站出口2,2,121.484451,25.055429
280,三重站出口3,3,121.485282,25.056134
281,菜寮站出口1,1,121.490673,25.05971
282,菜寮站出口2,2,121.491106,25.059287
283,菜寮站出口3,3,121.492111,25.060556
284,臺北橋站出口,0,121.500281,25.062966
285,大橋頭站出口1,1,121.512319,25.06318
286,大橋頭站出口2,2,121.513258,25.063195
287,大橋頭站出口3,3,121.51344,25.063739
288,中山國小站出口1,1,121.526095,25.06284
289,中山國小站出口2,2,121.526148,25.062461
290,中山國小站出口3,3,121.527114,25.062476
291,中山國小站出口4,4,121.526835,25.062835
292,行天宮站出口1,1,121.533004,25.058316
293,行天宮站出口2,2,121.533342,25.058792
294,行天宮站出口3,3,121.533393,25.059868
295,行天宮站出口4,4,121.532991,25.060365
296,東門站出口1,1,121.527994,25.034157
297,東門站出口2,2,121.527565,25.03422
298,東門站出口3,3,121.527854,25.033676
299,東門站出口4,4,121.528879,25.033646
300,東門站出口5,5,121.529506,25.033564
301,東門站出口6,6,121.529957,25.033924
302,東門站出口7,7,121.529678,25.033962
303,東門站出口8,8,121.528965,25.034074
304,蘆洲站出口1,1,121.464565,25.091463
305,蘆洲站出口2,2,121.464597,25.091609
306,蘆洲站出口3,3,121.464425,25.091618
307,三民高中站出口1,1,121.472542,25.085494
308,三民高中站出口2,2,121.473739,25.085791
309,徐匯中學站出口1,1,121.47988,25.080303
310,徐匯中學站出口2,2,121.480583,25.080332
311,三和國中站出口1,1,121.486398,25.076586
312,三和國中站出口2,2,121.486752,25.076946
313,三重國小站出口,0,121.496656,25.070536
314,迴龍站出口1,1,121.411264,25.021864
315,迴龍站出口2,2,121.41077,25.02118
316,迴龍站出口3,3,121.412482,25.022637
317,丹鳳站出口1,1,121.422282,25.029048
318,丹鳳站出口2,2,121.422615,25.028742
319,南京復興站出口1,1,121.542121,25.052625
320,南京復興站出口2,2,121.541863,25.051748
321,南京復興站出口3,3,121.543237,25.051719
322,南京復興站出口4,4,121.543237,25.051719
323,南京復興站出口5,5,121.544338,25.051727
324,南京復興站出口6,6,121.544908,25.052057
325,南京復興站出口8,8,121.543819,25.052018
326,南京復興站出口7,7,121.54447,25.052329
327,中山站出口1,1,121.520303,25.052414
328,中山站出口4,4,121.520306,25.052858
329,中山站出口2,2,121.521063,25.052382
330,中山站出口3,3,121.521154,25.052611
331,中山站出口5,5,121.519329,25.053037
332,中山站出口6,6,121.519007,25.052833
333,西門站出口1,1,121.507566,25.042137
334,西門站出口2,2,121.508435,25.041545
335,西門站出口3,3,121.508888,25.041789
336,西門站出口4,4,121.509006,25.042203
337,西門站出口5,5,121.508789,25.042935
338,西門站出口6,6,121.507602,25.042573
339,松江南京站出口1,1,121.532388,25.051842
340,松江南京站出口2,2,121.532875,25.051342
341,松江南京站出口3,3,121.53287,25.051085
342,松江南京站出口4,4,121.53324,25.051624
343,松江南京站出口5,5,121.534081,25.051882
344,松江南京站出口6,6,121.533727,25.052095
345,松江南京站出口7,7,121.533195,25.05247
346,松江南京站出口8,8,121.532826,25.05257
347,北門站出口1,1,121.509862,25.048737
348,北門站出口2,2,121.510506,25.049583
349,北門站出口3,3,121.510227,25.049943
350,台北小巨蛋站出口1,1,121.55153,25.051836
351,台北小巨蛋站出口2,2,121.550715,25.051571
352,台北小巨蛋站出口3,3,121.552549,25.05152
353,台北小巨蛋站出口4,4,121.552898,25.051534
354,台北小巨蛋站出口5,5,121.552069,25.051838
355,南京三民站出口1,1,121.563643,25.051517
356,南京三民站出口2,2,121.563073,25.051215
357,南京三民站出口3,3,121.564595,25.051328
358,南京三民站出口4,4,121.56471,25.051588
359,松山站出口1,1,121.577022,25.050171
360,松山站出口2,2,121.576244,25.050171
361,松山站出口3,3,121.577464,25.049799
362,松山站出口4,4,121.577971,25.049799
363,松山站出口5,5,121.57813,25.050557
